000000000000000000000000000000000
000000000000000000000000000000000
000000000000000000000000000000000
000000000000000000000000000000000
000011111110101000101011111110000
000010000010000011101010000010000
000010111010110100100010111010000
000010111010100011010010111010000
000010111010011111101010111010000
000010000010110011101010000010000
000011111110101010101011111110000
000000000000100110011000000000000
000001010111111000001111011010000
000001001100101110001110010010000
000011110011011110001110001110000
000010001001110100101110000100000
000010000011001100000110010010000
000000011001010001000011001110000
000010010110101100000110101010000
000001001100101000101111000010000
000011101011111111111111101110000
000000000000100110011000101100000
000011111110110101011010110110000
000010000010100011001000111110000
000010111010001011101111100110000
000010111010110010100000110000000
000010111010011010011000100010000
000010000010111000111001100000000
000011111110000111111110110110000
000000000000000000000000000000000
000000000000000000000000000000000
000000000000000000000000000000000
000000000000000000000000000000000
